0P 1P 2P 3P 4P 5A 6A 7A 8A 9A 
15 15 15 15 15 10 10 10 10 10 
30 30 30 30 30 20 20 20 20 20 
45 45 45 45 45 30 30 30 30 30 
60 60 75 60 60 40 40 40 40 40 
75 75 105 75 75 50 50 50 50 50 
90 90 135 90 90 60 60 60 60 70 
105 105 165 120 105 70 70 70 70 90 
120 120 195 150 120 80 80 80 80 110 
135 135 225 180 135 90 90 90 90 130 
150 150 255 210 150 100 100 100 100 150 
165 180 285 240 165 120 110 110 120 170 
175 210 315 270 180 140 120 120 140 190 
175 240 345 300 195 160 130 130 160 210 
175 270 375 330 210 180 140 140 180 230 
175 300 405 360 225 200 150 150 200 249 
175 330 435 390 240 220 160 160 220 269 
175 360 465 435 255 240 170 170 240 289 
175 380 495 495 270 260 180 180 260 309 
175 395 518 555 285 280 190 190 280 329 
175 410 533 615 300 300 200 200 300 349 
175 425 548 675 315 320 210 210 320 369 
175 440 563 735 330 340 220 220 340 389 
175 455 578 795 345 360 230 224 360 409 
175 470 593 855 360 380 240 224 380 429 
175 485 608 915 375 400 250 224 400 449 
175 500 623 990 390 420 260 224 420 469 
175 515 638 1065 405 440 270 224 440 489 
175 530 653 1140 420 460 280 224 460 502 
175 545 668 1215 435 480 290 224 475 512 
175 575 683 1275 450 500 300 224 485 522 
175 605 698 1335 465 520 310 224 495 542 
175 635 713 1395 480 540 320 224 505 562 
175 665 728 1470 495 560 330 224 515 582 
175 695 743 1545 510 580 340 224 525 602 
175 725 758 1620 523 600 350 224 535 622 
175 755 773 1695 523 620 360 224 540 642 
175 785 788 1770 523 625 370 224 540 662 
175 830 803 1845 523 645 380 224 540 682 
175 875 818 1920 523 665 390 224 540 702 
175 920 833 1991 523 685 400 224 540 722 
175 965 848 2051 523 705 410 224 540 742 
175 1010 863 2111 523 725 420 224 540 762 
175 1055 878 2171 523 745 430 224 540 782 
175 1100 893 2231 523 765 440 224 540 802 
175 1145 908 2291 523 785 450 224 540 822 
175 1190 923 2351 523 805 460 224 540 842 
175 1235 938 2411 523 825 470 224 540 862 
175 1280 953 2471 523 845 480 224 540 882 
175 1325 968 2531 523 865 490 224 540 902 
175 1370 983 2591 523 885 500 224 540 922 
175 1415 998 2651 523 905 510 224 540 942 
175 1460 1013 2705 523 925 520 224 540 962 
175 1505 1028 2750 523 945 530 224 540 982 
175 1550 1043 2795 523 965 540 224 540 1002 
175 1595 1058 2855 523 985 550 224 540 1022 
175 1640 1073 2915 523 1005 560 224 540 1042 
175 1685 1103 2975 523 1025 570 224 540 1062 
175 1730 1133 3035 523 1045 580 224 540 1082 
175 1775 1163 3095 523 1065 590 224 540 1102 
175 1820 1184 3155 523 1085 600 224 540 1122 
175 1865 1199 3230 523 1105 603 224 540 1142 
175 1910 1214 3305 523 1125 603 224 540 1162 
175 1955 1229 3380 523 1145 603 224 540 1182 
175 2000 1244 3455 523 1165 603 224 540 1202 
175 2045 1259 3530 523 1185 603 224 540 1222 
175 2092 1274 3605 523 1205 603 224 540 1242 
175 2137 1289 3680 523 1225 603 224 540 1272 
175 2182 1319 3755 523 1245 603 224 540 1302 
175 2227 1349 3819 523 1265 603 224 540 1332 
175 2272 1379 3894 523 1285 603 224 540 1362 
175 2317 1409 3984 523 1305 603 224 540 1392 
175 2362 1439 4068 523 1325 603 224 540 1422 
175 2397 1469 4143 523 1345 603 224 540 1452 
175 2427 1499 4217 523 1365 603 224 540 1482 
175 2457 1529 4277 523 1385 603 224 540 1508 
175 2487 1559 4337 523 1405 603 224 540 1528 
175 2517 1589 4382 523 1425 603 224 540 1558 
175 2547 1619 4427 523 1445 603 224 540 1588 
175 2569 1649 4472 523 1465 603 224 540 1618 
175 2584 1694 4517 523 1485 603 224 540 1648 
175 2599 1739 4562 523 1505 603 224 540 1678 
175 2614 1799 4595 523 1525 603 224 540 1708 
175 2629 1859 4625 523 1545 603 224 540 1738 
175 2641 1919 4655 523 1565 603 224 540 1768 
175 2641 1979 4685 523 1585 603 224 540 1798 
175 2641 2039 4715 523 1598 603 224 540 1828 
175 2641 2099 4745 523 1608 603 224 540 1858 
175 2641 2159 4775 523 1618 603 224 540 1888 
175 2656 2219 4805 523 1628 603 224 540 1918 
175 2671 2279 4835 523 1638 603 224 540 1948 
175 2686 2332 4865 523 1648 603 224 540 1978 
175 2701 2377 4894 523 1658 603 224 540 2008 
175 2716 2422 4894 523 1668 603 224 540 2038 
175 2731 2467 4894 523 1678 603 224 540 2068 
175 2746 2512 4894 523 1688 603 224 540 2098 
175 2761 2557 4894 523 1698 603 224 540 2128 
175 2776 2602 4894 523 1706 603 224 540 2158 
175 2791 2647 4894 523 1706 603 224 540 2198 
175 2806 2692 4894 523 1706 603 224 540 2238 
175 2821 2737 4894 523 1706 603 224 540 2278 
175 2836 2768 4894 523 1706 603 224 540 2318 
175 2851 2798 4894 523 1706 603 224 540 2358 
175 2866 2828 4894 523 1706 603 224 540 2398 
175 2881 2858 4894 523 1706 603 224 540 2438 
175 2896 2888 4894 523 1706 603 224 540 2478 
175 2911 2918 4894 523 1706 603 224 540 2514 
175 2926 2948 4894 523 1706 603 224 540 2540 
175 2941 2978 4894 523 1706 603 224 540 2560 
175 2956 3008 4894 523 1706 603 224 540 2580 
175 2971 3038 4894 523 1706 603 224 540 2600 
175 2986 3068 4894 523 1706 603 224 540 2620 
175 3001 3098 4894 523 1706 603 224 540 2640 
175 3016 3121 4894 523 1706 603 224 540 2660 
175 3031 3136 4894 523 1706 603 224 540 2680 
175 3046 3151 4894 523 1706 603 224 540 2700 
175 3061 3166 4894 523 1706 603 224 540 2720 
175 3076 3181 4894 523 1706 603 224 540 2740 
175 3091 3196 4894 523 1706 603 224 540 2760 
175 3106 3206 4894 523 1706 603 224 540 2780 
175 3121 3206 4894 523 1706 603 224 540 2800 
175 3136 3206 4894 523 1706 603 224 540 2820 
175 3151 3206 4894 523 1706 603 224 540 2840 
175 3162 3206 4894 523 1706 603 224 540 2860 
175 3162 3206 4894 523 1706 603 224 540 2890 
175 3162 3206 4894 523 1706 603 224 540 2920 
175 3162 3206 4894 523 1706 603 224 540 2950 
175 3162 3206 4894 523 1706 603 224 540 2980 
175 3162 3206 4894 523 1706 603 224 540 3010 
175 3162 3206 4894 523 1706 603 224 540 3040 
175 3162 3206 4894 523 1706 603 224 540 3070 
175 3162 3206 4894 523 1706 603 224 540 3100 
175 3162 3206 4894 523 1706 603 224 540 3130 
175 3162 3206 4894 523 1706 603 224 540 3160 
175 3162 3206 4894 523 1706 603 224 540 3190 
175 3162 3206 4894 523 1706 603 224 540 3220 
175 3162 3206 4894 523 1706 603 224 540 3250 
175 3162 3206 4894 523 1706 603 224 540 3280 
175 3162 3206 4894 523 1706 603 224 540 3310 
175 3162 3206 4894 523 1706 603 224 540 3340 
175 3162 3206 4894 523 1706 603 224 540 3370 
175 3162 3206 4894 523 1706 603 224 540 3400 
175 3162 3206 4894 523 1706 603 224 540 3430 
175 3162 3206 4894 523 1706 603 224 540 3460 
175 3162 3206 4894 523 1706 603 224 540 3490 
175 3162 3206 4894 523 1706 603 224 540 3520 
175 3162 3206 4894 523 1706 603 224 540 3550 
175 3162 3206 4894 523 1706 603 224 540 3580 
175 3162 3206 4894 523 1706 603 224 540 3610 
175 3162 3206 4894 523 1706 603 224 540 3640 
175 3162 3206 4894 523 1706 603 224 540 3670 
175 3162 3206 4894 523 1706 603 224 540 3700 
175 3162 3206 4894 523 1706 603 224 540 3730 
175 3162 3206 4894 523 1706 603 224 540 3760 
175 3162 3206 4894 523 1706 603 224 540 3781 
175 3162 3206 4894 523 1706 603 224 540 3801 
175 3162 3206 4894 523 1706 603 224 540 3821 
175 3162 3206 4894 523 1706 603 224 540 3841 
175 3162 3206 4894 523 1706 603 224 540 3861 
175 3162 3206 4894 523 1706 603 224 540 3881 
175 3162 3206 4894 523 1706 603 224 540 3897 
175 3162 3206 4894 523 1706 603 224 540 3907 
175 3162 3206 4894 523 1706 603 224 540 3917 
175 3162 3206 4894 523 1706 603 224 540 3927 
175 3162 3206 4894 523 1706 603 224 540 3937 
175 3162 3206 4894 523 1706 603 224 540 3947 
175 3162 3206 4894 523 1706 603 224 540 3957 
175 3162 3206 4894 523 1706 603 224 540 3967 
175 3162 3206 4894 523 1706 603 224 540 3977 
175 3162 3206 4894 523 1706 603 224 540 3987 
175 3162 3206 4894 523 1706 603 224 540 3997 
175 3162 3206 4894 523 1706 603 224 540 4007 
175 3162 3206 4894 523 1706 603 224 540 4017 
175 3162 3206 4894 523 1706 603 224 540 4027 
175 3162 3206 4894 523 1706 603 224 540 4037 
175 3162 3206 4894 523 1706 603 224 540 4047 
175 3162 3206 4894 523 1706 603 224 540 4057 
175 3162 3206 4894 523 1706 603 224 540 4067 
175 3162 3206 4894 523 1706 603 224 540 4077 
175 3162 3206 4894 523 1706 603 224 540 4087 
175 3162 3206 4894 523 1706 603 224 540 4097 
175 3162 3206 4894 523 1706 603 224 540 4107 
175 3162 3206 4894 523 1706 603 224 540 4117 
175 3162 3206 4894 523 1706 603 224 540 4127 
175 3162 3206 4894 523 1706 603 224 540 4137 
175 3162 3206 4894 523 1706 603 224 540 4147 
175 3162 3206 4894 523 1706 603 224 540 4157 
175 3162 3206 4894 523 1706 603 224 540 4167 
175 3162 3206 4894 523 1706 603 224 540 4177 
175 3162 3206 4894 523 1706 603 224 540 4187 
175 3162 3206 4894 523 1706 603 224 540 4197 
175 3162 3206 4894 523 1706 603 224 540 4207 
175 3162 3206 4894 523 1706 603 224 540 4217 
175 3162 3206 4894 523 1706 603 224 540 4227 
175 3162 3206 4894 523 1706 603 224 540 4237 
175 3162 3206 4894 523 1706 603 224 540 4247 
175 3162 3206 4894 523 1706 603 224 540 4257 
175 3162 3206 4894 523 1706 603 224 540 4264 
175 3162 3206 4894 523 1706 603 224 540 4264 
-------------------
